Benchmark	Louvain GN-0	
1	0	
1	0	
1	0	
1	0	
1	0	
1	0	
1	0	
1	0	
1	0	
1	0	
1	0	
1	0	
1	0	
1	0	
1	0	
1	0	
1	0	
1	0	
1	0	
1	0	
1	0	
1	0	
1	0	
1	0	
1	0	
1	0	
1	0	
1	0	
1	0	
1	0	
1	0	
1	0	
2	1	
2	1	
2	1	
2	1	
2	1	
2	1	
2	1	
2	1	
2	1	
2	1	
2	1	
2	1	
2	1	
2	1	
2	1	
2	1	
2	1	
2	1	
2	1	
2	1	
2	1	
2	1	
2	1	
2	1	
2	1	
2	1	
2	1	
2	1	
2	1	
2	1	
2	1	
2	1	
3	2	
3	2	
3	2	
3	2	
3	2	
3	2	
3	2	
3	2	
3	2	
3	2	
3	2	
3	2	
3	2	
3	2	
3	2	
3	2	
3	2	
3	2	
3	2	
3	2	
3	2	
3	2	
3	2	
3	2	
3	2	
3	2	
3	2	
3	2	
3	2	
3	2	
3	2	
3	2	
4	3	
4	3	
4	3	
4	3	
4	3	
4	3	
4	3	
4	3	
4	3	
4	3	
4	3	
4	3	
4	3	
4	3	
4	3	
4	3	
4	3	
4	3	
4	3	
4	3	
4	3	
4	3	
4	3	
4	3	
4	3	
4	3	
4	3	
4	3	
4	3	
4	3	
4	3	
4	3	
Benchmark	Louvain GN-0	Louvain GN-1	
1	0	0	
1	0	0	
1	0	0	
1	0	0	
1	0	0	
1	0	0	
1	0	0	
1	0	0	
1	0	0	
1	0	0	
1	0	0	
1	0	0	
1	0	0	
1	0	0	
1	0	0	
1	0	0	
1	0	0	
1	0	0	
1	0	0	
1	0	0	
1	0	0	
1	0	0	
1	0	0	
1	0	0	
1	0	0	
1	0	0	
1	0	0	
1	0	0	
1	0	0	
1	0	0	
1	0	0	
1	0	0	
2	1	1	
2	1	1	
2	1	1	
2	1	1	
2	1	1	
2	1	1	
2	1	1	
2	1	1	
2	1	1	
2	1	1	
2	1	1	
2	1	1	
2	1	1	
2	1	1	
2	1	1	
2	1	1	
2	1	1	
2	1	1	
2	1	1	
2	1	1	
2	1	1	
2	1	1	
2	1	1	
2	1	1	
2	1	1	
2	1	1	
2	1	1	
2	1	1	
2	1	1	
2	1	1	
2	1	1	
2	1	1	
3	2	2	
3	2	2	
3	2	2	
3	2	2	
3	2	2	
3	2	2	
3	2	2	
3	2	2	
3	2	2	
3	2	2	
3	2	2	
3	2	2	
3	2	2	
3	2	2	
3	2	2	
3	2	2	
3	2	2	
3	2	2	
3	2	2	
3	2	2	
3	2	2	
3	2	2	
3	2	2	
3	2	2	
3	2	2	
3	2	2	
3	2	2	
3	2	2	
3	2	2	
3	2	2	
3	2	2	
3	2	2	
4	3	3	
4	3	3	
4	3	3	
4	3	3	
4	3	3	
4	3	3	
4	3	3	
4	3	3	
4	3	3	
4	3	3	
4	3	3	
4	3	3	
4	3	3	
4	3	3	
4	3	3	
4	3	3	
4	3	3	
4	3	3	
4	3	3	
4	3	3	
4	3	3	
4	3	3	
4	3	3	
4	3	3	
4	3	3	
4	3	3	
4	3	3	
4	3	3	
4	3	3	
4	3	3	
4	3	3	
4	3	3	
Benchmark	Louvain GN-0	Louvain GN-1	Infomap GN-2	
1	0	0	0	
1	0	0	1	
1	0	0	2	
1	0	0	3	
1	0	0	4	
1	0	0	5	
1	0	0	6	
1	0	0	7	
1	0	0	8	
1	0	0	9	
1	0	0	10	
1	0	0	11	
1	0	0	12	
1	0	0	13	
1	0	0	14	
1	0	0	15	
1	0	0	16	
1	0	0	17	
1	0	0	18	
1	0	0	19	
1	0	0	20	
1	0	0	21	
1	0	0	22	
1	0	0	23	
1	0	0	24	
1	0	0	25	
1	0	0	26	
1	0	0	27	
1	0	0	28	
1	0	0	29	
1	0	0	30	
1	0	0	31	
2	1	1	32	
2	1	1	33	
2	1	1	34	
2	1	1	35	
2	1	1	36	
2	1	1	37	
2	1	1	38	
2	1	1	39	
2	1	1	40	
2	1	1	41	
2	1	1	42	
2	1	1	43	
2	1	1	44	
2	1	1	45	
2	1	1	46	
2	1	1	47	
2	1	1	48	
2	1	1	49	
2	1	1	50	
2	1	1	51	
2	1	1	52	
2	1	1	53	
2	1	1	54	
2	1	1	55	
2	1	1	56	
2	1	1	57	
2	1	1	58	
2	1	1	59	
2	1	1	60	
2	1	1	61	
2	1	1	62	
2	1	1	63	
3	2	2	64	
3	2	2	65	
3	2	2	66	
3	2	2	67	
3	2	2	68	
3	2	2	69	
3	2	2	70	
3	2	2	71	
3	2	2	72	
3	2	2	73	
3	2	2	74	
3	2	2	75	
3	2	2	76	
3	2	2	77	
3	2	2	78	
3	2	2	79	
3	2	2	80	
3	2	2	81	
3	2	2	82	
3	2	2	83	
3	2	2	84	
3	2	2	85	
3	2	2	86	
3	2	2	87	
3	2	2	88	
3	2	2	89	
3	2	2	90	
3	2	2	91	
3	2	2	92	
3	2	2	93	
3	2	2	94	
3	2	2	95	
4	3	3	96	
4	3	3	97	
4	3	3	98	
4	3	3	99	
4	3	3	100	
4	3	3	101	
4	3	3	102	
4	3	3	103	
4	3	3	104	
4	3	3	105	
4	3	3	106	
4	3	3	107	
4	3	3	108	
4	3	3	109	
4	3	3	110	
4	3	3	111	
4	3	3	112	
4	3	3	113	
4	3	3	114	
4	3	3	115	
4	3	3	116	
4	3	3	117	
4	3	3	118	
4	3	3	119	
4	3	3	120	
4	3	3	121	
4	3	3	122	
4	3	3	123	
4	3	3	124	
4	3	3	125	
4	3	3	126	
4	3	3	127	
